Vertex Count: 576

Data:

-1.17851 3.33333 -2.04124 0.113593 0.760618 0.203555 -0.837481 0.50714
-1.17851 3.33333 2.04124 0.886407 0.760618 0.391342 -0.773498 -0.49855
-2.35702 3.33333 4.08248 0.863593 0.676019 -0.448556 -0.333219 0.829314
-1.17851 3.33333 -2.04124 0.113593 0.760618 0.203555 -0.837481 0.50714
-2.35702 3.33333 -4.08248 0.136407 0.676019 -0.476205 -0.304818 -0.824812
4.71404 3.33333 -0 0.5 0.740633 0.932237 -0.361848 -0
-1.17851 3.33333 2.04124 0.886407 0.760618 0.391342 -0.773498 -0.49855
2.35702 3.33333 -0 0.5 0.891826 -0.732793 -0.67235 -0.10469
4.71404 3.33333 -0 0.5 0.740633 0.932237 -0.361848 -0
-1.96419 4.44444 2.04124 0.908321 0.670377 -0.721733 0.471074 -0.50714
-1.96419 4.44444 -2.04124 0.091679 0.670377 -0.481544 0.655038 0.582272
-2.35702 3.33333 -4.08248 0.136407 0.676019 -0.476205 -0.304818 -0.824812
-1e-006 10 -0 0 0.108173 0 1 -0
-0.785675 7.77778 -0 0 0.336132 -0.938404 -0.333712 0.089637
-1.96419 4.44444 2.04124 0.908321 0.670377 -0.721733 0.471074 -0.50714
-2.35702 3.33333 -4.08248 0.136407 0.676019 -0.476205 -0.304818 -0.824812
-1.96419 4.44444 -2.04124 0.091679 0.670377 -0.481544 0.655038 0.582272
-0.785675 7.77778 -0 0 0.336132 -0.938404 -0.333712 0.089637
0.392836 7.77778 -0.680414 0.113593 0.239382 0.391574 -0.333712 -0.8575
-0.785675 4.44444 -2.72165 0.150507 0.686155 0.86592 0.484079 -0.125893
-2.35702 3.33333 -4.08248 0.136407 0.676019 -0.476205 -0.304818 -0.824812
2.74986 4.44444 -0.680414 0.434963 0.791022 -0.033708 0.597281 -0.801323
0.392836 7.77778 -0.680414 0.113593 0.239382 0.391574 -0.333712 -0.8575
-1e-006 10 -0 0 0.108173 0 1 -0
-2.35702 3.33333 -4.08248 0.136407 0.676019 -0.476205 -0.304818 -0.824812
-0.785675 4.44444 -2.72165 0.150507 0.686155 0.86592 0.484079 -0.125893
2.74986 4.44444 -0.680414 0.434963 0.791022 -0.033708 0.597281 -0.801323
2.74986 4.44444 0.680414 0.565037 0.791022 -0.078329 0.471074 0.878609
4.71404 3.33333 -0 0.5 0.740633 0.932237 -0.361848 -0
-1e-006 10 -0 0 0.108173 0 1 -0
2.74986 4.44444 0.680414 0.565037 0.791022 -0.078329 0.471074 0.878609
-0.785675 4.44444 2.72166 0.849493 0.686155 0.745035 0.655038 0.125894
-2.35702 3.33333 4.08248 0.863593 0.676019 -0.448556 -0.333219 0.829314
0.392836 7.77778 0.680414 0.886407 0.239382 0.54683 -0.333712 0.767863
-1e-006 10 -0 0 0.108173 0 1 -0
-2.35702 3.33333 4.08248 0.863593 0.676019 -0.448556 -0.333219 0.829314
2.35702 4.16667 -0 0.5 0.859781 -0.942809 0.333333 -0
-1.17851 4.16667 2.04124 0.886407 0.715123 0.471405 0.333333 -0.816497
-0.785675 4.44444 2.72166 0.849493 0.686155 0.745035 0.655038 0.125894
-1.17851 4.16667 2.04124 0.886407 0.715123 0.471405 0.333333 -0.816497
-1e-006 7.5 -0 0 0.304087 0 -1 -0
0.392836 7.77778 0.680414 0.886407 0.239382 0.54683 -0.333712 0.767863
-1e-006 7.5 -0 0 0.304087 0 -1 -0
2.35702 4.16667 -0 0.5 0.859781 -0.942809 0.333333 -0
2.74986 4.44444 0.680414 0.565037 0.791022 -0.078329 0.471074 0.878609
-1.17851 4.16667 2.04124 0.886407 0.715123 0.471405 0.333333 -0.816497
-1.17851 4.16667 -2.04124 0.113593 0.715123 0.471404 0.333333 0.816497
-1.96419 4.44444 -2.04124 0.091679 0.670377 -0.481544 0.655038 0.582272
-1.17851 4.16667 -2.04124 0.113593 0.715123 0.471404 0.333333 0.816497
-1e-006 7.5 -0 0 0.304087 0 -1 -0
-0.785675 7.77778 -0 0 0.336132 -0.938404 -0.333712 0.089637
-1e-006 7.5 -0 0 0.304087 0 -1 -0
-1.17851 4.16667 2.04124 0.886407 0.715123 0.471405 0.333333 -0.816497
-1.96419 4.44444 2.04124 0.908321 0.670377 -0.721733 0.471074 -0.50714
-1e-006 7.5 -0 0 0.304087 0 -1 -0
-1.17851 4.16667 -2.04124 0.113593 0.715123 0.471404 0.333333 0.816497
-0.785675 4.44444 -2.72165 0.150507 0.686155 0.86592 0.484079 -0.125893
2.35702 4.16667 -0 0.5 0.859781 -0.942809 0.333333 -0
-1e-006 7.5 -0 0 0.304087 0 -1 -0
0.392836 7.77778 -0.680414 0.113593 0.239382 0.391574 -0.333712 -0.8575
-1.17851 4.16667 -2.04124 0.113593 0.715123 0.471404 0.333333 0.816497
2.35702 4.16667 -0 0.5 0.859781 -0.942809 0.333333 -0
2.74986 4.44444 -0.680414 0.434963 0.791022 -0.033708 0.597281 -0.801323
-1.17851 4.16667 2.04124 0.886407 0.715123 0.471405 0.333333 -0.816497
2.35702 4.16667 -0 0.5 0.859781 -0.942809 0.333333 -0
2.35702 3.33333 -0 0.5 0.891826 -0.732793 -0.67235 -0.10469
-1.17851 4.16667 -2.04124 0.113593 0.715123 0.471404 0.333333 0.816497
-1.17851 4.16667 2.04124 0.886407 0.715123 0.471405 0.333333 -0.816497
-1.17851 3.33333 2.04124 0.886407 0.760618 0.391342 -0.773498 -0.49855
2.35702 4.16667 -0 0.5 0.859781 -0.942809 0.333333 -0
-1.17851 4.16667 -2.04124 0.113593 0.715123 0.471404 0.333333 0.816497
-1.17851 3.33333 -2.04124 0.113593 0.760618 0.203555 -0.837481 0.50714
-2.5 6.25 -8.75 0.926208 0.36614 -0.753495 -0.527135 -0.392904
-2.5 3.75 -8.75 0.926208 0.63386 -0.753495 0.392904 -0.527135
-2.5 2.5 -7.5 0.875 0.695913 -0.57735 -0.57735 0.57735
-2.5 6.25 -11.25 0.073792 0.36614 -0.753495 -0.392904 0.527135
-2.5 6.25 -8.75 0.926208 0.36614 -0.753495 -0.527135 -0.392904
-2.5 7.5 -7.5 0.875 0.304087 -0.57735 0.57735 0.57735
-2.5 3.75 -11.25 0.073792 0.63386 -0.753495 0.527135 0.392904
-2.5 6.25 -11.25 0.073792 0.36614 -0.753495 -0.392904 0.527135
-2.5 7.5 -12.5 0.125 0.304087 -0.57735 0.57735 -0.57735
-2.5 3.75 -8.75 0.926208 0.63386 -0.753495 0.392904 -0.527135
-2.5 3.75 -11.25 0.073792 0.63386 -0.753495 0.527135 0.392904
-2.5 2.5 -12.5 0.125 0.695913 -0.57735 -0.57735 -0.57735
-1.25 6.25 -12.5 0.176208 0.36614 0.392904 -0.527135 -0.753495
-1.25 3.75 -12.5 0.176208 0.63386 0.527135 0.392904 -0.753495
-2.5 2.5 -12.5 0.125 0.695913 -0.57735 -0.57735 -0.57735
1.25 6.25 -12.5 0.323792 0.36614 -0.527135 -0.392904 -0.753495
-1.25 6.25 -12.5 0.176208 0.36614 0.392904 -0.527135 -0.753495
-2.5 7.5 -12.5 0.125 0.304087 -0.57735 0.57735 -0.57735
1.25 3.75 -12.5 0.323792 0.63386 -0.392904 0.527135 -0.753495
1.25 6.25 -12.5 0.323792 0.36614 -0.527135 -0.392904 -0.753495
2.5 7.5 -12.5 0.375 0.304087 0.57735 0.57735 -0.57735
-1.25 3.75 -12.5 0.176208 0.63386 0.527135 0.392904 -0.753495
1.25 3.75 -12.5 0.323792 0.63386 -0.392904 0.527135 -0.753495
2.5 2.5 -12.5 0.375 0.695913 0.57735 -0.57735 -0.57735
2.5 3.75 -8.75 0.573792 0.63386 0.753495 0.527135 -0.392904
2.5 6.25 -8.75 0.573792 0.36614 0.753495 -0.392904 -0.527135
2.5 7.5 -7.5 0.625 0.304087 0.57735 0.57735 0.57735
2.5 3.75 -11.25 0.426208 0.63386 0.753495 0.392904 0.527135
2.5 3.75 -8.75 0.573792 0.63386 0.753495 0.527135 -0.392904
2.5 2.5 -7.5 0.625 0.695913 0.57735 -0.57735 0.57735
2.5 6.25 -11.25 0.426208 0.36614 0.753495 -0.527135 0.392904
2.5 3.75 -11.25 0.426208 0.63386 0.753495 0.392904 0.527135
2.5 2.5 -12.5 0.375 0.695913 0.57735 -0.57735 -0.57735
2.5 6.25 -8.75 0.573792 0.36614 0.753495 -0.392904 -0.527135
2.5 6.25 -11.25 0.426208 0.36614 0.753495 -0.527135 0.392904
2.5 7.5 -12.5 0.375 0.304087 0.57735 0.57735 -0.57735
1.25 3.75 -7.5 0.676208 0.63386 -0.527135 0.392904 0.753495
-1.25 3.75 -7.5 0.823792 0.63386 0.392904 0.527135 0.753495
-2.5 2.5 -7.5 0.875 0.695913 -0.57735 -0.57735 0.57735
-1.25 3.75 -7.5 0.823792 0.63386 0.392904 0.527135 0.753495
-1.25 6.25 -7.5 0.823792 0.36614 0.527135 -0.392904 0.753495
-2.5 7.5 -7.5 0.875 0.304087 -0.57735 0.57735 0.57735
-1.25 6.25 -7.5 0.823792 0.36614 0.527135 -0.392904 0.753495
1.25 6.25 -7.5 0.676208 0.36614 -0.392904 -0.527135 0.753495
2.5 7.5 -7.5 0.625 0.304087 0.57735 0.57735 0.57735
1.25 6.25 -7.5 0.676208 0.36614 -0.392904 -0.527135 0.753495
1.25 3.75 -7.5 0.676208 0.63386 -0.527135 0.392904 0.753495
2.5 2.5 -7.5 0.625 0.695913 0.57735 -0.57735 0.57735
1.25 7.5 -8.75 0.625 0.195913 -0.527135 0.753495 -0.392904
-1.25 7.5 -8.75 0.875 0.195913 0.392904 0.753495 -0.527135
-2.5 7.5 -7.5 0.875 0.304087 -0.57735 0.57735 0.57735
1.25 7.5 -11.25 0.375 0.195913 -0.392904 0.753495 0.527135
1.25 7.5 -8.75 0.625 0.195913 -0.527135 0.753495 -0.392904
2.5 7.5 -7.5 0.625 0.304087 0.57735 0.57735 0.57735
-1.25 7.5 -11.25 0.125 0.195913 0.527135 0.753495 0.392904
1.25 7.5 -11.25 0.375 0.195913 -0.392904 0.753495 0.527135
2.5 7.5 -12.5 0.375 0.304087 0.57735 0.57735 -0.57735
-1.25 7.5 -8.75 0.875 0.195913 0.392904 0.753495 -0.527135
-1.25 7.5 -11.25 0.125 0.195913 0.527135 0.753495 0.392904
-2.5 7.5 -12.5 0.125 0.304087 -0.57735 0.57735 -0.57735
-1.25 2.5 -8.75 0.875 0.804087 0.527135 -0.753495 -0.392904
1.25 2.5 -8.75 0.625 0.804087 -0.392904 -0.753495 -0.527135
2.5 2.5 -7.5 0.625 0.695913 0.57735 -0.57735 0.57735
-1.25 2.5 -11.25 0.125 0.804087 0.392904 -0.753495 0.527135
-1.25 2.5 -8.75 0.875 0.804087 0.527135 -0.753495 -0.392904
-2.5 2.5 -7.5 0.875 0.695913 -0.57735 -0.57735 0.57735
1.25 2.5 -11.25 0.375 0.804087 -0.527135 -0.753495 0.392904
-1.25 2.5 -11.25 0.125 0.804087 0.392904 -0.753495 0.527135
-2.5 2.5 -12.5 0.125 0.695913 -0.57735 -0.57735 -0.57735
1.25 2.5 -8.75 0.625 0.804087 -0.392904 -0.753495 -0.527135
1.25 2.5 -11.25 0.375 0.804087 -0.527135 -0.753495 0.392904
2.5 2.5 -12.5 0.375 0.695913 0.57735 -0.57735 -0.57735
1.25 3.75 -8.75 0.625 0.695913 -0.57735 0.57735 -0.57735
-1.25 3.75 -8.75 0.875 0.695913 0.57735 0.57735 -0.57735
-1.25 3.75 -7.5 0.823792 0.63386 0.392904 0.527135 0.753495
-1.25 3.75 -8.75 0.875 0.695913 0.57735 0.57735 -0.57735
-1.25 6.25 -8.75 0.875 0.304087 0.57735 -0.57735 -0.57735
-1.25 6.25 -7.5 0.823792 0.36614 0.527135 -0.392904 0.753495
-1.25 6.25 -8.75 0.875 0.304087 0.57735 -0.57735 -0.57735
1.25 6.25 -8.75 0.625 0.304087 -0.57735 -0.57735 -0.57735
1.25 6.25 -7.5 0.676208 0.36614 -0.392904 -0.527135 0.753495
1.25 6.25 -8.75 0.625 0.304087 -0.57735 -0.57735 -0.57735
1.25 3.75 -8.75 0.625 0.695913 -0.57735 0.57735 -0.57735
1.25 3.75 -7.5 0.676208 0.63386 -0.527135 0.392904 0.753495
-1.25 3.75 -8.75 0.875 0.695913 0.57735 0.57735 -0.57735
1.25 3.75 -8.75 0.625 0.695913 -0.57735 0.57735 -0.57735
1.25 2.5 -8.75 0.625 0.804087 -0.392904 -0.753495 -0.527135
-1.25 3.75 -11.25 0.125 0.695913 0.57735 0.57735 0.57735
-1.25 3.75 -8.75 0.875 0.695913 0.57735 0.57735 -0.57735
-1.25 2.5 -8.75 0.875 0.804087 0.527135 -0.753495 -0.392904
1.25 3.75 -11.25 0.375 0.695913 -0.57735 0.57735 0.57735
-1.25 3.75 -11.25 0.125 0.695913 0.57735 0.57735 0.57735
-1.25 2.5 -11.25 0.125 0.804087 0.392904 -0.753495 0.527135
1.25 3.75 -8.75 0.625 0.695913 -0.57735 0.57735 -0.57735
1.25 3.75 -11.25 0.375 0.695913 -0.57735 0.57735 0.57735
1.25 2.5 -11.25 0.375 0.804087 -0.527135 -0.753495 0.392904
1.25 3.75 -8.75 0.625 0.695913 -0.57735 0.57735 -0.57735
1.25 6.25 -8.75 0.625 0.304087 -0.57735 -0.57735 -0.57735
2.5 6.25 -8.75 0.573792 0.36614 0.753495 -0.392904 -0.527135
1.25 3.75 -11.25 0.375 0.695913 -0.57735 0.57735 0.57735
1.25 3.75 -8.75 0.625 0.695913 -0.57735 0.57735 -0.57735
2.5 3.75 -8.75 0.573792 0.63386 0.753495 0.527135 -0.392904
1.25 6.25 -11.25 0.375 0.304087 -0.57735 -0.57735 0.57735
1.25 3.75 -11.25 0.375 0.695913 -0.57735 0.57735 0.57735
2.5 3.75 -11.25 0.426208 0.63386 0.753495 0.392904 0.527135
1.25 6.25 -8.75 0.625 0.304087 -0.57735 -0.57735 -0.57735
1.25 6.25 -11.25 0.375 0.304087 -0.57735 -0.57735 0.57735
2.5 6.25 -11.25 0.426208 0.36614 0.753495 -0.527135 0.392904
-1.25 6.25 -8.75 0.875 0.304087 0.57735 -0.57735 -0.57735
-1.25 3.75 -8.75 0.875 0.695913 0.57735 0.57735 -0.57735
-2.5 3.75 -8.75 0.926208 0.63386 -0.753495 0.392904 -0.527135
-1.25 6.25 -11.25 0.125 0.304087 0.57735 -0.57735 0.57735
-1.25 6.25 -8.75 0.875 0.304087 0.57735 -0.57735 -0.57735
-2.5 6.25 -8.75 0.926208 0.36614 -0.753495 -0.527135 -0.392904
-1.25 3.75 -11.25 0.125 0.695913 0.57735 0.57735 0.57735
-1.25 6.25 -11.25 0.125 0.304087 0.57735 -0.57735 0.57735
-2.5 6.25 -11.25 0.073792 0.36614 -0.753495 -0.392904 0.527135
-1.25 3.75 -8.75 0.875 0.695913 0.57735 0.57735 -0.57735
-1.25 3.75 -11.25 0.125 0.695913 0.57735 0.57735 0.57735
-2.5 3.75 -11.25 0.073792 0.63386 -0.753495 0.527135 0.392904
-1.25 6.25 -11.25 0.125 0.304087 0.57735 -0.57735 0.57735
-1.25 3.75 -11.25 0.125 0.695913 0.57735 0.57735 0.57735
-1.25 3.75 -12.5 0.176208 0.63386 0.527135 0.392904 -0.753495
1.25 6.25 -11.25 0.375 0.304087 -0.57735 -0.57735 0.57735
-1.25 6.25 -11.25 0.125 0.304087 0.57735 -0.57735 0.57735
-1.25 6.25 -12.5 0.176208 0.36614 0.392904 -0.527135 -0.753495
1.25 3.75 -11.25 0.375 0.695913 -0.57735 0.57735 0.57735
1.25 6.25 -11.25 0.375 0.304087 -0.57735 -0.57735 0.57735
1.25 6.25 -12.5 0.323792 0.36614 -0.527135 -0.392904 -0.753495
-1.25 3.75 -11.25 0.125 0.695913 0.57735 0.57735 0.57735
1.25 3.75 -11.25 0.375 0.695913 -0.57735 0.57735 0.57735
1.25 3.75 -12.5 0.323792 0.63386 -0.392904 0.527135 -0.753495
1.25 6.25 -8.75 0.625 0.304087 -0.57735 -0.57735 -0.57735
-1.25 6.25 -8.75 0.875 0.304087 0.57735 -0.57735 -0.57735
-1.25 7.5 -8.75 0.875 0.195913 0.392904 0.753495 -0.527135
1.25 6.25 -11.25 0.375 0.304087 -0.57735 -0.57735 0.57735
1.25 6.25 -8.75 0.625 0.304087 -0.57735 -0.57735 -0.57735
1.25 7.5 -8.75 0.625 0.195913 -0.527135 0.753495 -0.392904
-1.25 6.25 -11.25 0.125 0.304087 0.57735 -0.57735 0.57735
1.25 6.25 -11.25 0.375 0.304087 -0.57735 -0.57735 0.57735
1.25 7.5 -11.25 0.375 0.195913 -0.392904 0.753495 0.527135
-1.25 6.25 -8.75 0.875 0.304087 0.57735 -0.57735 -0.57735
-1.25 6.25 -11.25 0.125 0.304087 0.57735 -0.57735 0.57735
-1.25 7.5 -11.25 0.125 0.195913 0.527135 0.753495 0.392904
-1.90653 7.87509 -22.4878 0.145932 0.263723 -0.983132 -0.100823 -0.152598
-2.9552 7.87509 -21.0444 0.054068 0.263723 -0.561757 -0.187013 -0.805887
-3.03531 8.97327 -20 0 0.207652 -0.607062 0.794654 -0
-2.19637 6.35743 -23.3799 0.158285 0.396602 -0.792388 0.586086 0.169186
-1.90653 7.87509 -22.4878 0.145932 0.263723 -0.983132 -0.100823 -0.152598
-0.937962 8.97327 -22.8868 0.2 0.207652 -0.187592 0.794655 -0.57735
-3.42418 5.41947 -22.4878 0.1 0.468556 -0.253128 0.92443 -0.28523
-2.19637 6.35743 -23.3799 0.158285 0.396602 -0.792388 0.586086 0.169186
-1.51766 5.93796 -24.6709 0.2 0.439932 -0.303531 0.187592 -0.934172
-3.89316 6.35743 -21.0444 0.041715 0.396602 -0.11059 0.446628 -0.887859
-3.42418 5.41947 -22.4878 0.1 0.468556 -0.253128 0.92443 -0.28523
-3.97327 4.06204 -22.8868 0.1 0.560068 -0.794654 -0.187593 -0.57735
-2.9552 7.87509 -21.0444 0.054068 0.263723 -0.561757 -0.187013 -0.805887
-3.89316 6.35743 -21.0444 0.041715 0.396602 -0.11059 0.446628 -0.887859
-4.91123 5.93796 -20 0 0.439932 -0.982247 0.187593 -0
1.7769 7.87509 -22.582 0.345932 0.263723 -0.158675 -0.100823 -0.982169
0.080112 7.87509 -23.1333 0.254068 0.263723 0.592852 -0.187013 -0.783296
-0.937962 8.97327 -22.8868 0.2 0.207652 -0.187592 0.794655 -0.57735
2.53573 6.35743 -23.1333 0.358285 0.396602 -0.405767 0.586086 -0.701325
1.7769 7.87509 -22.582 0.345932 0.263723 -0.158675 -0.100823 -0.982169
2.45562 8.97327 -21.7841 0.4 0.207652 0.491123 0.794655 -0.356822
1.30792 5.41947 -24.0254 0.3 0.468556 0.193049 0.92443 -0.328879
2.53573 6.35743 -23.1333 0.358285 0.396602 -0.405767 0.586086 -0.701325
3.97327 5.93796 -22.8868 0.4 0.439932 0.794654 0.187593 -0.57735
-0.209735 6.35743 -24.0254 0.241715 0.396602 0.81023 0.446628 -0.379541
1.30792 5.41947 -24.0254 0.3 0.468556 0.193049 0.92443 -0.328879
1.51766 4.06204 -24.6709 0.3 0.560068 0.303531 -0.187592 -0.934172
0.080112 7.87509 -23.1333 0.254068 0.263723 0.592852 -0.187013 -0.783296
-0.209735 6.35743 -24.0254 0.241715 0.396602 0.81023 0.446628 -0.379541
-1.51766 5.93796 -24.6709 0.2 0.439932 -0.303531 0.187592 -0.934172
-1.51766 8.97327 -20 0 0.11614 0.660275 0.746537 -0.081971
-0.468981 8.97327 -21.4434 0.2 0.11614 0.281996 0.746537 0.602629
-0.937962 8.97327 -22.8868 0.2 0.207652 -0.187592 0.794655 -0.57735
-0.468981 8.97327 -21.4434 0.2 0.11614 0.281996 0.746537 0.602629
1.22781 8.97327 -20.8921 0.4 0.11614 -0.485993 0.746537 0.454416
2.45562 8.97327 -21.7841 0.4 0.207652 0.491123 0.794655 -0.356822
1.22781 8.97327 -20.8921 0.4 0.11614 -0.485993 0.746537 0.454416
1.22781 8.97327 -19.1079 0.6 0.11614 -0.582356 0.746537 -0.321784
2.45562 8.97327 -18.2159 0.6 0.207652 0.491123 0.794654 0.356822
1.22781 8.97327 -19.1079 0.6 0.11614 -0.582356 0.746537 -0.321784
-0.468981 8.97327 -18.5566 0.8 0.11614 0.126077 0.746537 -0.65329
-0.937963 8.97327 -17.1132 0.8 0.207652 -0.187593 0.794655 0.57735
-0.468981 8.97327 -18.5566 0.8 0.11614 0.126077 0.746537 -0.65329
-1.51766 8.97327 -20 0 0.11614 0.660275 0.746537 -0.081971
-3.03531 8.97327 -20 0 0.207652 -0.607062 0.794654 -0
3.00471 7.87509 -19.1079 0.545932 0.263723 0.885065 -0.100823 -0.454416
3.00471 7.87509 -20.8921 0.454068 0.263723 0.92816 -0.187013 0.321784
2.45562 8.97327 -21.7841 0.4 0.207652 0.491123 0.794655 -0.356822
3.76354 6.35743 -18.5566 0.558285 0.396602 0.54161 0.586086 -0.602629
3.00471 7.87509 -19.1079 0.545932 0.263723 0.885065 -0.100823 -0.454416
2.45562 8.97327 -18.2159 0.6 0.207652 0.491123 0.794654 0.356822
4.23252 5.41947 -20 0.5 0.468556 0.372439 0.92443 0.081971
3.76354 6.35743 -18.5566 0.558285 0.396602 0.54161 0.586086 -0.602629
3.97327 5.93796 -17.1132 0.6 0.439932 0.794654 0.187593 0.57735
3.76354 6.35743 -21.4434 0.441715 0.396602 0.611339 0.446628 0.65329
4.23252 5.41947 -20 0.5 0.468556 0.372439 0.92443 0.081971
4.91123 4.06204 -20 0.5 0.560068 0.982247 -0.187592 -0
3.00471 7.87509 -20.8921 0.454068 0.263723 0.92816 -0.187013 0.321784
3.76354 6.35743 -21.4434 0.441715 0.396602 0.611339 0.446628 0.65329
3.97327 5.93796 -22.8868 0.4 0.439932 0.794654 0.187593 -0.57735
3.42418 4.58053 -17.5122 0.6 0.531444 0.349491 -0.92443 0.152598
3.89316 3.64257 -18.9556 0.541715 0.603398 0.083956 -0.586086 0.805887
4.91123 4.06204 -20 0.5 0.560068 0.982247 -0.187592 -0
3.89316 3.64257 -18.9556 0.541715 0.603398 0.083956 -0.586086 0.805887
2.9552 2.12491 -18.9556 0.554068 0.736277 0.448934 0.100823 0.887859
3.03531 1.02673 -20 0.5 0.792348 0.607062 -0.794654 -0
2.9552 2.12491 -18.9556 0.554068 0.736277 0.448934 0.100823 0.887859
1.90653 2.12491 -17.5122 0.645932 0.736277 0.940037 0.187013 0.28523
0.937963 1.02673 -17.1132 0.7 0.792348 0.187593 -0.794655 0.57735
1.90653 2.12491 -17.5122 0.645932 0.736277 0.940037 0.187013 0.28523
2.19637 3.64257 -16.6201 0.658285 0.603398 0.878578 -0.446628 -0.169186
1.51766 4.06204 -15.3291 0.7 0.560068 0.303531 -0.187592 0.934172
2.19637 3.64257 -16.6201 0.658285 0.603398 0.878578 -0.446628 -0.169186
3.42418 4.58053 -17.5122 0.6 0.531444 0.349491 -0.92443 0.152598
3.97327 5.93796 -17.1132 0.6 0.439932 0.794654 0.187593 0.57735
3.42418 4.58053 -22.4878 0.4 0.531444 0.253128 -0.92443 -0.28523
2.19637 3.64257 -23.3799 0.341715 0.603398 0.792388 -0.586086 0.169186
1.51766 4.06204 -24.6709 0.3 0.560068 0.303531 -0.187592 -0.934172
2.19637 3.64257 -23.3799 0.341715 0.603398 0.792388 -0.586086 0.169186
1.90653 2.12491 -22.4878 0.354068 0.736277 0.983132 0.100824 -0.152598
0.937963 1.02673 -22.8868 0.3 0.792348 0.187593 -0.794654 -0.57735
1.90653 2.12491 -22.4878 0.354068 0.736277 0.983132 0.100824 -0.152598
2.9552 2.12491 -21.0444 0.445932 0.736277 0.561757 0.187013 -0.805887
3.03531 1.02673 -20 0.5 0.792348 0.607062 -0.794654 -0
2.9552 2.12491 -21.0444 0.445932 0.736277 0.561757 0.187013 -0.805887
3.89316 3.64257 -21.0444 0.458285 0.603398 0.11059 -0.446628 -0.887859
4.91123 4.06204 -20 0.5 0.560068 0.982247 -0.187592 -0
3.89316 3.64257 -21.0444 0.458285 0.603398 0.11059 -0.446628 -0.887859
3.42418 4.58053 -22.4878 0.4 0.531444 0.253128 -0.92443 -0.28523
3.97327 5.93796 -22.8868 0.4 0.439932 0.794654 0.187593 -0.57735
0.080111 7.87509 -16.8667 0.745932 0.263723 0.705676 -0.100823 0.701325
1.7769 7.87509 -17.418 0.654068 0.263723 -0.019218 -0.187013 0.982169
2.45562 8.97327 -18.2159 0.6 0.207652 0.491123 0.794654 0.356822
-0.209735 6.35743 -15.9746 0.758285 0.396602 0.740501 0.586086 0.32888
0.080111 7.87509 -16.8667 0.745932 0.263723 0.705676 -0.100823 0.701325
-0.937963 8.97327 -17.1132 0.8 0.207652 -0.187593 0.794655 0.57735
1.30792 5.41947 -15.9746 0.7 0.468556 0.03713 0.92443 0.379541
-0.209735 6.35743 -15.9746 0.758285 0.396602 0.740501 0.586086 0.32888
-1.51766 5.93796 -15.3291 0.8 0.439932 -0.303531 0.187592 0.934172
2.53573 6.35743 -16.8667 0.641715 0.396602 -0.432401 0.446628 0.783296
1.30792 5.41947 -15.9746 0.7 0.468556 0.03713 0.92443 0.379541
1.51766 4.06204 -15.3291 0.7 0.560068 0.303531 -0.187592 0.934172
1.7769 7.87509 -17.418 0.654068 0.263723 -0.019218 -0.187013 0.982169
2.53573 6.35743 -16.8667 0.641715 0.396602 -0.432401 0.446628 0.783296
3.97327 5.93796 -17.1132 0.6 0.439932 0.794654 0.187593 0.57735
-2.9552 7.87509 -18.9556 0.945932 0.263723 -0.448934 -0.100823 0.887859
-1.90653 7.87509 -17.5122 0.854068 0.263723 -0.940037 -0.187013 0.28523
-0.937963 8.97327 -17.1132 0.8 0.207652 -0.187593 0.794655 0.57735
-3.89316 6.35743 -18.9556 0.958285 0.396602 -0.083956 0.586086 0.805887
-2.9552 7.87509 -18.9556 0.945932 0.263723 -0.448934 -0.100823 0.887859
-3.03531 8.97327 -20 0 0.207652 -0.607062 0.794654 -0
-3.42418 5.41947 -17.5122 0.9 0.468556 -0.349491 0.92443 0.152598
-3.89316 6.35743 -18.9556 0.958285 0.396602 -0.083956 0.586086 0.805887
-4.91123 5.93796 -20 0 0.439932 -0.982247 0.187593 -0
-2.19637 6.35743 -16.6201 0.841715 0.396602 -0.878578 0.446628 -0.169186
-3.42418 5.41947 -17.5122 0.9 0.468556 -0.349491 0.92443 0.152598
-3.97327 4.06204 -17.1132 0.9 0.560068 -0.794654 -0.187593 0.57735
-1.90653 7.87509 -17.5122 0.854068 0.263723 -0.940037 -0.187013 0.28523
-2.19637 6.35743 -16.6201 0.841715 0.396602 -0.878578 0.446628 -0.169186
-1.51766 5.93796 -15.3291 0.8 0.439932 -0.303531 0.187592 0.934172
-1.7769 2.12491 -17.418 0.845932 0.736277 0.019218 0.187013 0.982169
-2.53573 3.64257 -16.8667 0.858285 0.603398 0.432401 -0.446628 0.783296
-3.97327 4.06204 -17.1132 0.9 0.560068 -0.794654 -0.187593 0.57735
-2.53573 3.64257 -16.8667 0.858285 0.603398 0.432401 -0.446628 0.783296
-1.30792 4.58053 -15.9746 0.8 0.531444 -0.03713 -0.92443 0.379541
-1.51766 5.93796 -15.3291 0.8 0.439932 -0.303531 0.187592 0.934172
-1.30792 4.58053 -15.9746 0.8 0.531444 -0.03713 -0.92443 0.379541
0.209735 3.64257 -15.9746 0.741715 0.603398 -0.740501 -0.586086 0.32888
1.51766 4.06204 -15.3291 0.7 0.560068 0.303531 -0.187592 0.934172
0.209735 3.64257 -15.9746 0.741715 0.603398 -0.740501 -0.586086 0.32888
-0.080111 2.12491 -16.8667 0.754068 0.736277 -0.705676 0.100823 0.701325
0.937963 1.02673 -17.1132 0.7 0.792348 0.187593 -0.794655 0.57735
-0.080111 2.12491 -16.8667 0.754068 0.736277 -0.705676 0.100823 0.701325
-1.7769 2.12491 -17.418 0.845932 0.736277 0.019218 0.187013 0.982169
-2.45562 1.02673 -18.2159 0.9 0.792348 -0.491123 -0.794654 0.356822
-3.76354 3.64257 -21.4434 0.058285 0.603398 -0.61134 -0.446628 0.65329
-4.23252 4.58053 -20 0 0.531444 -0.372439 -0.92443 0.081971
-4.91123 5.93796 -20 0 0.439932 -0.982247 0.187593 -0
-4.23252 4.58053 -20 0 0.531444 -0.372439 -0.92443 0.081971
-3.76354 3.64257 -18.5566 0.941715 0.603398 -0.54161 -0.586086 -0.602628
-3.97327 4.06204 -17.1132 0.9 0.560068 -0.794654 -0.187593 0.57735
-3.76354 3.64257 -18.5566 0.941715 0.603398 -0.54161 -0.586086 -0.602628
-3.00471 2.12491 -19.1079 0.954068 0.736277 -0.885065 0.100823 -0.454416
-2.45562 1.02673 -18.2159 0.9 0.792348 -0.491123 -0.794654 0.356822
-3.00471 2.12491 -19.1079 0.954068 0.736277 -0.885065 0.100823 -0.454416
-3.00471 2.12491 -20.8921 0.045932 0.736277 -0.92816 0.187013 0.321784
-2.45562 1.02673 -21.7841 0.1 0.792348 -0.491123 -0.794655 -0.356822
-3.00471 2.12491 -20.8921 0.045932 0.736277 -0.92816 0.187013 0.321784
-3.76354 3.64257 -21.4434 0.058285 0.603398 -0.61134 -0.446628 0.65329
-3.97327 4.06204 -22.8868 0.1 0.560068 -0.794654 -0.187593 -0.57735
-1.30792 4.58053 -24.0254 0.2 0.531444 -0.193049 -0.92443 -0.32888
-2.53573 3.64257 -23.1333 0.141715 0.603398 0.405767 -0.586086 -0.701325
-3.97327 4.06204 -22.8868 0.1 0.560068 -0.794654 -0.187593 -0.57735
-2.53573 3.64257 -23.1333 0.141715 0.603398 0.405767 -0.586086 -0.701325
-1.7769 2.12491 -22.582 0.154068 0.736277 0.158675 0.100823 -0.982169
-2.45562 1.02673 -21.7841 0.1 0.792348 -0.491123 -0.794655 -0.356822
-1.7769 2.12491 -22.582 0.154068 0.736277 0.158675 0.100823 -0.982169
-0.080111 2.12491 -23.1333 0.245932 0.736277 -0.592852 0.187013 -0.783296
0.937963 1.02673 -22.8868 0.3 0.792348 0.187593 -0.794654 -0.57735
-0.080111 2.12491 -23.1333 0.245932 0.736277 -0.592852 0.187013 -0.783296
0.209735 3.64257 -24.0254 0.258285 0.603398 -0.81023 -0.446628 -0.379541
1.51766 4.06204 -24.6709 0.3 0.560068 0.303531 -0.187592 -0.934172
0.209735 3.64257 -24.0254 0.258285 0.603398 -0.81023 -0.446628 -0.379541
-1.30792 4.58053 -24.0254 0.2 0.531444 -0.193049 -0.92443 -0.32888
-1.51766 5.93796 -24.6709 0.2 0.439932 -0.303531 0.187592 -0.934172
-1.22781 1.02673 -20.8921 0.1 0.88386 0.485993 -0.746537 0.454416
-1.22781 1.02673 -19.1079 0.9 0.88386 0.582356 -0.746537 -0.321784
-2.45562 1.02673 -18.2159 0.9 0.792348 -0.491123 -0.794654 0.356822
-1.22781 1.02673 -19.1079 0.9 0.88386 0.582356 -0.746537 -0.321784
0.468981 1.02673 -18.5566 0.7 0.88386 -0.126077 -0.746537 -0.65329
0.937963 1.02673 -17.1132 0.7 0.792348 0.187593 -0.794655 0.57735
0.468981 1.02673 -18.5566 0.7 0.88386 -0.126077 -0.746537 -0.65329
1.51766 1.02673 -20 0.5 0.88386 -0.660275 -0.746537 -0.081971
3.03531 1.02673 -20 0.5 0.792348 0.607062 -0.794654 -0
1.51766 1.02673 -20 0.5 0.88386 -0.660275 -0.746537 -0.081971
0.468981 1.02673 -21.4434 0.3 0.88386 -0.281996 -0.746537 0.602629
0.937963 1.02673 -22.8868 0.3 0.792348 0.187593 -0.794654 -0.57735
0.468981 1.02673 -21.4434 0.3 0.88386 -0.281996 -0.746537 0.602629
-1.22781 1.02673 -20.8921 0.1 0.88386 0.485993 -0.746537 0.454416
-2.45562 1.02673 -21.7841 0.1 0.792348 -0.491123 -0.794655 -0.356822
-0.468981 6.98664 -21.4434 0.2 0.207652 0.187593 -0.794655 0.57735
-1.51766 6.98664 -20 0 0.207652 0.607062 -0.794655 -0
-2.9552 7.87509 -21.0444 0.054068 0.263723 -0.561757 -0.187013 -0.805887
-0.758827 5.46898 -22.3354 0.2 0.439932 0.303531 -0.187592 0.934172
-0.468981 6.98664 -21.4434 0.2 0.207652 0.187593 -0.794655 0.57735
-1.90653 7.87509 -22.4878 0.145932 0.263723 -0.983132 -0.100823 -0.152598
-1.98664 4.53102 -21.4434 0.1 0.560068 0.794654 0.187593 0.57735
-0.758827 5.46898 -22.3354 0.2 0.439932 0.303531 -0.187592 0.934172
-2.19637 6.35743 -23.3799 0.158285 0.396602 -0.792388 0.586086 0.169186
-2.45562 5.46898 -20 0 0.439932 0.982247 -0.187592 -0
-1.98664 4.53102 -21.4434 0.1 0.560068 0.794654 0.187593 0.57735
-3.42418 5.41947 -22.4878 0.1 0.468556 -0.253128 0.92443 -0.28523
-1.51766 6.98664 -20 0 0.207652 0.607062 -0.794655 -0
-2.45562 5.46898 -20 0 0.439932 0.982247 -0.187592 -0
-3.89316 6.35743 -21.0444 0.041715 0.396602 -0.11059 0.446628 -0.887859
1.22781 6.98664 -20.8921 0.4 0.207652 -0.491124 -0.794654 0.356822
-0.468981 6.98664 -21.4434 0.2 0.207652 0.187593 -0.794655 0.57735
0.080112 7.87509 -23.1333 0.254068 0.263723 0.592852 -0.187013 -0.783296
1.98664 5.46898 -21.4434 0.4 0.439932 -0.794654 -0.187593 0.57735
1.22781 6.98664 -20.8921 0.4 0.207652 -0.491124 -0.794654 0.356822
1.7769 7.87509 -22.582 0.345932 0.263723 -0.158675 -0.100823 -0.982169
0.758828 4.53102 -22.3354 0.3 0.560068 -0.303531 0.187592 0.934172
1.98664 5.46898 -21.4434 0.4 0.439932 -0.794654 -0.187593 0.57735
2.53573 6.35743 -23.1333 0.358285 0.396602 -0.405767 0.586086 -0.701325
-0.758827 5.46898 -22.3354 0.2 0.439932 0.303531 -0.187592 0.934172
0.758828 4.53102 -22.3354 0.3 0.560068 -0.303531 0.187592 0.934172
1.30792 5.41947 -24.0254 0.3 0.468556 0.193049 0.92443 -0.328879
-0.468981 6.98664 -21.4434 0.2 0.207652 0.187593 -0.794655 0.57735
-0.758827 5.46898 -22.3354 0.2 0.439932 0.303531 -0.187592 0.934172
-0.209735 6.35743 -24.0254 0.241715 0.396602 0.81023 0.446628 -0.379541
1.22781 6.98664 -19.1079 0.6 0.207652 -0.491123 -0.794654 -0.356822
1.22781 6.98664 -20.8921 0.4 0.207652 -0.491124 -0.794654 0.356822
3.00471 7.87509 -20.8921 0.454068 0.263723 0.92816 -0.187013 0.321784
1.98664 5.46898 -18.5566 0.6 0.439932 -0.794654 -0.187593 -0.57735
1.22781 6.98664 -19.1079 0.6 0.207652 -0.491123 -0.794654 -0.356822
3.00471 7.87509 -19.1079 0.545932 0.263723 0.885065 -0.100823 -0.454416
2.45562 4.53102 -20 0.5 0.560068 -0.982247 0.187592 -0
1.98664 5.46898 -18.5566 0.6 0.439932 -0.794654 -0.187593 -0.57735
3.76354 6.35743 -18.5566 0.558285 0.396602 0.54161 0.586086 -0.602629
1.98664 5.46898 -21.4434 0.4 0.439932 -0.794654 -0.187593 0.57735
2.45562 4.53102 -20 0.5 0.560068 -0.982247 0.187592 -0
4.23252 5.41947 -20 0.5 0.468556 0.372439 0.92443 0.081971
1.22781 6.98664 -20.8921 0.4 0.207652 -0.491124 -0.794654 0.356822
1.98664 5.46898 -21.4434 0.4 0.439932 -0.794654 -0.187593 0.57735
3.76354 6.35743 -21.4434 0.441715 0.396602 0.611339 0.446628 0.65329
-1.51766 6.98664 -20 0 0.207652 0.607062 -0.794655 -0
-0.468981 6.98664 -21.4434 0.2 0.207652 0.187593 -0.794655 0.57735
-0.468981 8.97327 -21.4434 0.2 0.11614 0.281996 0.746537 0.602629
-0.468981 6.98664 -21.4434 0.2 0.207652 0.187593 -0.794655 0.57735
1.22781 6.98664 -20.8921 0.4 0.207652 -0.491124 -0.794654 0.356822
1.22781 8.97327 -20.8921 0.4 0.11614 -0.485993 0.746537 0.454416
1.22781 6.98664 -20.8921 0.4 0.207652 -0.491124 -0.794654 0.356822
1.22781 6.98664 -19.1079 0.6 0.207652 -0.491123 -0.794654 -0.356822
1.22781 8.97327 -19.1079 0.6 0.11614 -0.582356 0.746537 -0.321784
1.22781 6.98664 -19.1079 0.6 0.207652 -0.491123 -0.794654 -0.356822
-0.468981 6.98664 -18.5566 0.8 0.207652 0.187593 -0.794654 -0.57735
-0.468981 8.97327 -18.5566 0.8 0.11614 0.126077 0.746537 -0.65329
-0.468981 6.98664 -18.5566 0.8 0.207652 0.187593 -0.794654 -0.57735
-1.51766 6.98664 -20 0 0.207652 0.607062 -0.794655 -0
-1.51766 8.97327 -20 0 0.11614 0.660275 0.746537 -0.081971
-0.468981 6.98664 -18.5566 0.8 0.207652 0.187593 -0.794654 -0.57735
1.22781 6.98664 -19.1079 0.6 0.207652 -0.491123 -0.794654 -0.356822
1.7769 7.87509 -17.418 0.654068 0.263723 -0.019218 -0.187013 0.982169
-0.758828 5.46898 -17.6646 0.8 0.439932 0.303531 -0.187592 -0.934172
-0.468981 6.98664 -18.5566 0.8 0.207652 0.187593 -0.794654 -0.57735
0.080111 7.87509 -16.8667 0.745932 0.263723 0.705676 -0.100823 0.701325
0.758828 4.53102 -17.6646 0.7 0.560068 -0.303531 0.187592 -0.934172
-0.758828 5.46898 -17.6646 0.8 0.439932 0.303531 -0.187592 -0.934172
-0.209735 6.35743 -15.9746 0.758285 0.396602 0.740501 0.586086 0.32888
1.98664 5.46898 -18.5566 0.6 0.439932 -0.794654 -0.187593 -0.57735
0.758828 4.53102 -17.6646 0.7 0.560068 -0.303531 0.187592 -0.934172
1.30792 5.41947 -15.9746 0.7 0.468556 0.03713 0.92443 0.379541
1.22781 6.98664 -19.1079 0.6 0.207652 -0.491123 -0.794654 -0.356822
1.98664 5.46898 -18.5566 0.6 0.439932 -0.794654 -0.187593 -0.57735
2.53573 6.35743 -16.8667 0.641715 0.396602 -0.432401 0.446628 0.783296
-1.51766 6.98664 -20 0 0.207652 0.607062 -0.794655 -0
-0.468981 6.98664 -18.5566 0.8 0.207652 0.187593 -0.794654 -0.57735
-1.90653 7.87509 -17.5122 0.854068 0.263723 -0.940037 -0.187013 0.28523
-2.45562 5.46898 -20 0 0.439932 0.982247 -0.187592 -0
-1.51766 6.98664 -20 0 0.207652 0.607062 -0.794655 -0
-2.9552 7.87509 -18.9556 0.945932 0.263723 -0.448934 -0.100823 0.887859
-1.98664 4.53102 -18.5566 0.9 0.560068 0.794655 0.187593 -0.57735
-2.45562 5.46898 -20 0 0.439932 0.982247 -0.187592 -0
-3.89316 6.35743 -18.9556 0.958285 0.396602 -0.083956 0.586086 0.805887
-0.758828 5.46898 -17.6646 0.8 0.439932 0.303531 -0.187592 -0.934172
-1.98664 4.53102 -18.5566 0.9 0.560068 0.794655 0.187593 -0.57735
-3.42418 5.41947 -17.5122 0.9 0.468556 -0.349491 0.92443 0.152598
-0.468981 6.98664 -18.5566 0.8 0.207652 0.187593 -0.794654 -0.57735
-0.758828 5.46898 -17.6646 0.8 0.439932 0.303531 -0.187592 -0.934172
-2.19637 6.35743 -16.6201 0.841715 0.396602 -0.878578 0.446628 -0.169186
-1.22781 3.01336 -20.8921 0.1 0.792348 0.491124 0.794654 0.356822
-1.22781 3.01336 -19.1079 0.9 0.792348 0.491123 0.794654 -0.356822
-1.22781 1.02673 -19.1079 0.9 0.88386 0.582356 -0.746537 -0.321784
-1.22781 3.01336 -19.1079 0.9 0.792348 0.491123 0.794654 -0.356822
0.468981 3.01336 -18.5566 0.7 0.792348 -0.187592 0.794655 -0.57735
0.468981 1.02673 -18.5566 0.7 0.88386 -0.126077 -0.746537 -0.65329
0.468981 3.01336 -18.5566 0.7 0.792348 -0.187592 0.794655 -0.57735
1.51766 3.01336 -20 0.5 0.792348 -0.607062 0.794654 -0
1.51766 1.02673 -20 0.5 0.88386 -0.660275 -0.746537 -0.081971
1.51766 3.01336 -20 0.5 0.792348 -0.607062 0.794654 -0
0.468981 3.01336 -21.4434 0.3 0.792348 -0.187593 0.794654 0.57735
0.468981 1.02673 -21.4434 0.3 0.88386 -0.281996 -0.746537 0.602629
0.468981 3.01336 -21.4434 0.3 0.792348 -0.187593 0.794654 0.57735
-1.22781 3.01336 -20.8921 0.1 0.792348 0.491124 0.794654 0.356822
-1.22781 1.02673 -20.8921 0.1 0.88386 0.485993 -0.746537 0.454416
-1.22781 3.01336 -19.1079 0.9 0.792348 0.491123 0.794654 -0.356822
-1.98664 4.53102 -18.5566 0.9 0.560068 0.794655 0.187593 -0.57735
-2.53573 3.64257 -16.8667 0.858285 0.603398 0.432401 -0.446628 0.783296
-1.98664 4.53102 -18.5566 0.9 0.560068 0.794655 0.187593 -0.57735
-0.758828 5.46898 -17.6646 0.8 0.439932 0.303531 -0.187592 -0.934172
-1.30792 4.58053 -15.9746 0.8 0.531444 -0.03713 -0.92443 0.379541
-0.758828 5.46898 -17.6646 0.8 0.439932 0.303531 -0.187592 -0.934172
0.758828 4.53102 -17.6646 0.7 0.560068 -0.303531 0.187592 -0.934172
0.209735 3.64257 -15.9746 0.741715 0.603398 -0.740501 -0.586086 0.32888
0.758828 4.53102 -17.6646 0.7 0.560068 -0.303531 0.187592 -0.934172
0.468981 3.01336 -18.5566 0.7 0.792348 -0.187592 0.794655 -0.57735
-0.080111 2.12491 -16.8667 0.754068 0.736277 -0.705676 0.100823 0.701325
0.468981 3.01336 -18.5566 0.7 0.792348 -0.187592 0.794655 -0.57735
-1.22781 3.01336 -19.1079 0.9 0.792348 0.491123 0.794654 -0.356822
-1.7769 2.12491 -17.418 0.845932 0.736277 0.019218 0.187013 0.982169
1.98664 5.46898 -18.5566 0.6 0.439932 -0.794654 -0.187593 -0.57735
2.45562 4.53102 -20 0.5 0.560068 -0.982247 0.187592 -0
3.89316 3.64257 -18.9556 0.541715 0.603398 0.083956 -0.586086 0.805887
2.45562 4.53102 -20 0.5 0.560068 -0.982247 0.187592 -0
1.51766 3.01336 -20 0.5 0.792348 -0.607062 0.794654 -0
2.9552 2.12491 -18.9556 0.554068 0.736277 0.448934 0.100823 0.887859
1.51766 3.01336 -20 0.5 0.792348 -0.607062 0.794654 -0
0.468981 3.01336 -18.5566 0.7 0.792348 -0.187592 0.794655 -0.57735
1.90653 2.12491 -17.5122 0.645932 0.736277 0.940037 0.187013 0.28523
0.468981 3.01336 -18.5566 0.7 0.792348 -0.187592 0.794655 -0.57735
0.758828 4.53102 -17.6646 0.7 0.560068 -0.303531 0.187592 -0.934172
2.19637 3.64257 -16.6201 0.658285 0.603398 0.878578 -0.446628 -0.169186
0.758828 4.53102 -17.6646 0.7 0.560068 -0.303531 0.187592 -0.934172
1.98664 5.46898 -18.5566 0.6 0.439932 -0.794654 -0.187593 -0.57735
3.42418 4.58053 -17.5122 0.6 0.531444 0.349491 -0.92443 0.152598
-0.758827 5.46898 -22.3354 0.2 0.439932 0.303531 -0.187592 0.934172
-1.98664 4.53102 -21.4434 0.1 0.560068 0.794654 0.187593 0.57735
-2.53573 3.64257 -23.1333 0.141715 0.603398 0.405767 -0.586086 -0.701325
-1.98664 4.53102 -21.4434 0.1 0.560068 0.794654 0.187593 0.57735
-1.22781 3.01336 -20.8921 0.1 0.792348 0.491124 0.794654 0.356822
-1.7769 2.12491 -22.582 0.154068 0.736277 0.158675 0.100823 -0.982169
-1.22781 3.01336 -20.8921 0.1 0.792348 0.491124 0.794654 0.356822
0.468981 3.01336 -21.4434 0.3 0.792348 -0.187593 0.794654 0.57735
-0.080111 2.12491 -23.1333 0.245932 0.736277 -0.592852 0.187013 -0.783296
0.468981 3.01336 -21.4434 0.3 0.792348 -0.187593 0.794654 0.57735
0.758828 4.53102 -22.3354 0.3 0.560068 -0.303531 0.187592 0.934172
0.209735 3.64257 -24.0254 0.258285 0.603398 -0.81023 -0.446628 -0.379541
0.758828 4.53102 -22.3354 0.3 0.560068 -0.303531 0.187592 0.934172
-0.758827 5.46898 -22.3354 0.2 0.439932 0.303531 -0.187592 0.934172
-1.30792 4.58053 -24.0254 0.2 0.531444 -0.193049 -0.92443 -0.32888
-1.98664 4.53102 -21.4434 0.1 0.560068 0.794654 0.187593 0.57735
-2.45562 5.46898 -20 0 0.439932 0.982247 -0.187592 -0
-4.23252 4.58053 -20 0 0.531444 -0.372439 -0.92443 0.081971
-2.45562 5.46898 -20 0 0.439932 0.982247 -0.187592 -0
-1.98664 4.53102 -18.5566 0.9 0.560068 0.794655 0.187593 -0.57735
-3.76354 3.64257 -18.5566 0.941715 0.603398 -0.54161 -0.586086 -0.602628
-1.98664 4.53102 -18.5566 0.9 0.560068 0.794655 0.187593 -0.57735
-1.22781 3.01336 -19.1079 0.9 0.792348 0.491123 0.794654 -0.356822
-3.00471 2.12491 -19.1079 0.954068 0.736277 -0.885065 0.100823 -0.454416
-1.22781 3.01336 -19.1079 0.9 0.792348 0.491123 0.794654 -0.356822
-1.22781 3.01336 -20.8921 0.1 0.792348 0.491124 0.794654 0.356822
-3.00471 2.12491 -20.8921 0.045932 0.736277 -0.92816 0.187013 0.321784
-1.22781 3.01336 -20.8921 0.1 0.792348 0.491124 0.794654 0.356822
-1.98664 4.53102 -21.4434 0.1 0.560068 0.794654 0.187593 0.57735
-3.76354 3.64257 -21.4434 0.058285 0.603398 -0.61134 -0.446628 0.65329
1.98664 5.46898 -21.4434 0.4 0.439932 -0.794654 -0.187593 0.57735
0.758828 4.53102 -22.3354 0.3 0.560068 -0.303531 0.187592 0.934172
2.19637 3.64257 -23.3799 0.341715 0.603398 0.792388 -0.586086 0.169186
0.758828 4.53102 -22.3354 0.3 0.560068 -0.303531 0.187592 0.934172
0.468981 3.01336 -21.4434 0.3 0.792348 -0.187593 0.794654 0.57735
1.90653 2.12491 -22.4878 0.354068 0.736277 0.983132 0.100824 -0.152598
0.468981 3.01336 -21.4434 0.3 0.792348 -0.187593 0.794654 0.57735
1.51766 3.01336 -20 0.5 0.792348 -0.607062 0.794654 -0
2.9552 2.12491 -21.0444 0.445932 0.736277 0.561757 0.187013 -0.805887
1.51766 3.01336 -20 0.5 0.792348 -0.607062 0.794654 -0
2.45562 4.53102 -20 0.5 0.560068 -0.982247 0.187592 -0
3.89316 3.64257 -21.0444 0.458285 0.603398 0.11059 -0.446628 -0.887859
2.45562 4.53102 -20 0.5 0.560068 -0.982247 0.187592 -0
1.98664 5.46898 -21.4434 0.4 0.439932 -0.794654 -0.187593 0.57735
3.42418 4.58053 -22.4878 0.4 0.531444 0.253128 -0.92443 -0.28523
